日期,買入,賣出
2022/09/29,52,697.00,53,187.00
2022/09/28,52,713.00,53,203.00
2022/09/27,51,644.00,52,134.00
2022/09/26,51,815.00,52,305.00
2022/09/23,51,923.00,52,413.00
2022/09/22,52,613.00,53,103.00
2022/09/21,52,197.00,52,687.00
2022/09/20,52,034.00,52,524.00
2022/09/19,52,254.00,52,744.00
2022/09/16,52,211.00,52,701.00
2022/09/15,51,581.00,52,071.00
2022/09/14,52,721.00,53,211.00
2022/09/13,52,334.00,52,824.00
2022/09/12,53,329.00,53,819.00
2022/09/08,52,486.00,52,976.00
2022/09/07,52,667.00,53,157.00
2022/09/06,52,162.00,52,652.00
2022/09/05,52,320.00,52,810.00
2022/09/02,52,247.00,52,737.00
2022/09/01,51,558.00,52,048.00
2022/08/31,52,004.00,52,494.00
2022/08/30,52,322.00,52,812.00
2022/08/29,52,669.00,53,159.00
2022/08/26,52,206.00,52,696.00
2022/08/25,52,810.00,53,300.00
2022/08/24,52,779.00,53,269.00
2022/08/23,52,618.00,53,108.00
2022/08/22,52,029.00,52,519.00
2022/08/19,52,276.00,52,766.00
2022/08/18,52,564.00,53,054.00
2022/08/17,52,603.00,53,093.00
2022/08/16,52,990.00,53,480.00
2022/08/15,53,130.00,53,620.00
2022/08/12,53,643.00,54,133.00
2022/08/11,53,397.00,53,887.00
2022/08/10,53,746.00,54,236.00
2022/08/09,53,609.00,54,099.00
2022/08/08,53,431.00,53,921.00
2022/08/05,52,892.00,53,382.00
2022/08/04,53,401.00,53,891.00
2022/08/03,52,502.00,52,992.00
2022/08/02,53,188.00,53,678.00
2022/08/01,52,805.00,53,295.00
2022/07/29,52,553.00,53,043.00
2022/07/28,52,290.00,52,780.00
2022/07/27,51,258.00,51,748.00
2022/07/26,51,132.00,51,622.00
2022/07/25,51,095.00,51,585.00
2022/07/22,51,560.00,52,050.00
2022/07/21,50,965.00,51,455.00
2022/07/20,50,802.00,51,292.00
2022/07/19,51,006.00,51,496.00
2022/07/18,50,932.00,51,422.00
2022/07/15,50,795.00,51,285.00
2022/07/14,50,952.00,51,442.00
2022/07/13,51,616.00,52,106.00
2022/07/12,51,564.00,52,054.00
2022/07/11,51,585.00,52,075.00
2022/07/08,51,679.00,52,169.00
2022/07/07,51,608.00,52,098.00
2022/07/06,51,562.00,52,052.00
2022/07/05,52,357.00,52,847.00
2022/07/04,53,507.00,53,997.00
2022/07/01,53,472.00,53,962.00
2022/06/30,53,594.00,54,084.00
2022/06/29,53,723.00,54,213.00
2022/06/28,53,741.00,54,231.00
2022/06/27,53,769.00,54,259.00
2022/06/24,54,070.00,54,560.00
2022/06/23,54,358.00,54,848.00
2022/06/22,54,498.00,54,988.00
2022/06/21,54,309.00,54,799.00
2022/06/20,54,437.00,54,927.00
2022/06/17,54,449.00,54,939.00
2022/06/16,54,634.00,55,124.00
2022/06/15,53,898.00,54,388.00
2022/06/14,53,532.00,54,022.00
2022/06/13,54,055.00,54,545.00
2022/06/10,55,072.00,55,562.00
2022/06/09,54,240.00,54,730.00
2022/06/08,54,603.00,55,093.00
2022/06/07,54,388.00,54,878.00
2022/06/06,53,997.00,54,487.00
2022/06/02,54,664.00,55,154.00
2022/06/01,53,698.00,54,188.00
2022/05/31,53,353.00,53,843.00
2022/05/30,53,808.00,54,298.00
2022/05/27,54,163.00,54,653.00
2022/05/26,54,177.00,54,667.00
2022/05/25,54,349.00,54,839.00
2022/05/24,55,083.00,55,573.00
2022/05/23,54,614.00,55,104.00
2022/05/20,54,354.00,54,844.00
2022/05/19,54,631.00,55,121.00
2022/05/18,53,904.00,54,394.00
2022/05/17,53,891.00,54,381.00
2022/05/16,53,810.00,54,300.00
2022/05/13,53,738.00,54,228.00
2022/05/12,54,539.00,55,029.00
2022/05/11,54,820.00,55,310.00
2022/05/10,54,620.00,55,110.00
2022/05/09,55,058.00,55,548.00
2022/05/06,55,792.00,56,282.00
2022/05/05,55,260.00,55,750.00
2022/05/04,54,878.00,55,368.00
2022/05/03,55,051.00,55,541.00
2022/04/29,55,978.00,56,468.00
2022/04/28,55,511.00,56,001.00
2022/04/27,55,148.00,55,638.00
2022/04/26,55,517.00,56,007.00
2022/04/25,55,375.00,55,865.00
2022/04/22,56,445.00,56,935.00
2022/04/21,56,423.00,56,913.00
2022/04/20,56,850.00,57,340.00
2022/04/19,56,853.00,57,343.00
2022/04/18,57,765.00,58,255.00
2022/04/15,57,268.00,57,758.00
2022/04/14,56,715.00,57,205.00
2022/04/13,57,274.00,57,764.00
2022/04/12,57,277.00,57,767.00
2022/04/11,56,505.00,56,995.00
2022/04/08,55,902.00,56,392.00
2022/04/07,55,439.00,55,929.00
2022/04/06,55,165.00,55,655.00
2022/04/01,54,991.00,55,481.00
2022/03/31,55,297.00,55,787.00
2022/03/30,55,101.00,55,591.00
2022/03/29,54,806.00,55,296.00
2022/03/28,55,419.00,55,909.00
2022/03/25,55,742.00,56,232.00
2022/03/24,55,873.00,56,363.00
2022/03/23,54,782.00,55,272.00
2022/03/22,54,347.00,54,837.00
2022/03/21,54,820.00,55,310.00
2022/03/18,54,515.00,55,005.00
2022/03/17,55,041.00,55,531.00
2022/03/16,54,515.00,55,005.00
2022/03/15,54,651.00,55,141.00
2022/03/14,55,534.00,56,024.00
2022/03/11,55,884.00,56,374.00
2022/03/10,56,220.00,56,710.00
2022/03/09,56,498.00,56,988.00
2022/03/08,58,216.00,58,706.00
2022/03/07,55,665.00,56,155.00
2022/03/04,54,797.00,55,287.00
2022/03/03,53,812.00,54,302.00
2022/03/02,53,966.00,54,456.00
2022/03/01,53,599.00,54,089.00
2022/02/25,52,571.00,53,061.00
2022/02/24,53,696.00,54,186.00
2022/02/23,52,892.00,53,382.00
2022/02/22,52,643.00,53,133.00
2022/02/21,52,502.00,52,992.00
2022/02/18,52,484.00,52,974.00
2022/02/17,52,509.00,52,999.00
2022/02/16,51,655.00,52,145.00
2022/02/15,51,336.00,51,826.00
2022/02/14,51,831.00,52,321.00
2022/02/11,50,882.00,51,372.00
2022/02/10,50,811.00,51,301.00
2022/02/09,50,681.00,51,171.00
2022/02/08,50,562.00,51,052.00
2022/02/07,50,289.00,50,779.00
2022/01/28,49,472.00,49,962.00
2022/01/27,49,749.00,50,239.00
2022/01/26,50,628.00,51,118.00
2022/01/25,50,904.00,51,394.00
2022/01/24,50,467.00,50,957.00
2022/01/22,50,529.00,51,019.00
2022/01/21,50,543.00,51,033.00
2022/01/20,50,714.00,51,204.00
2022/01/19,50,520.00,51,010.00
2022/01/18,49,923.00,50,413.00
2022/01/17,49,933.00,50,423.00
2022/01/14,50,043.00,50,533.00
2022/01/13,49,996.00,50,486.00
2022/01/12,50,182.00,50,672.00
2022/01/11,49,798.00,50,288.00
2022/01/10,49,406.00,49,896.00
2022/01/07,49,350.00,49,840.00
2022/01/06,49,260.00,49,750.00
2022/01/05,50,108.00,50,598.00
2022/01/04,49,792.00,50,282.00
2022/01/03,49,584.00,50,074.00
2021/12/30,49,960.00,50,450.00
2021/12/29,49,566.00,50,056.00
2021/12/28,49,950.00,50,440.00
2021/12/27,49,967.00,50,457.00
2021/12/24,49,911.00,50,401.00
2021/12/23,49,903.00,50,393.00
2021/12/22,49,616.00,50,106.00
2021/12/21,49,480.00,49,970.00
2021/12/20,49,711.00,50,201.00
2021/12/17,49,884.00,50,374.00
2021/12/16,49,719.00,50,209.00
2021/12/15,48,890.00,49,380.00
2021/12/14,49,036.00,49,526.00
2021/12/13,49,441.00,49,931.00
2021/12/10,49,220.00,49,710.00
2021/12/09,49,052.00,49,542.00
2021/12/08,49,181.00,49,671.00
2021/12/07,49,245.00,49,735.00
2021/12/06,49,141.00,49,631.00
2021/12/03,48,823.00,49,313.00
2021/12/02,48,839.00,49,329.00
2021/12/01,49,377.00,49,867.00
2021/11/30,49,178.00,49,668.00
2021/11/29,49,451.00,49,941.00
2021/11/26,49,765.00,50,255.00
2021/11/25,49,492.00,49,982.00
2021/11/24,49,314.00,49,804.00
2021/11/23,49,385.00,49,875.00
2021/11/22,50,162.00,50,652.00
2021/11/19,51,418.00,51,908.00
2021/11/18,51,514.00,52,004.00
2021/11/17,51,664.00,52,154.00
2021/11/16,51,560.00,52,050.00
2021/11/15,51,482.00,51,972.00
2021/11/12,51,577.00,52,067.00
2021/11/11,51,582.00,52,072.00
2021/11/10,51,405.00,51,895.00
2021/11/09,50,331.00,50,821.00
2021/11/08,50,451.00,50,941.00
2021/11/05,50,184.00,50,674.00
2021/11/04,49,779.00,50,269.00
2021/11/03,48,784.00,49,274.00
2021/11/02,49,610.00,50,100.00
2021/11/01,49,633.00,50,123.00
2021/10/29,49,271.00,49,761.00
2021/10/28,49,921.00,50,411.00
2021/10/27,49,615.00,50,105.00
2021/10/26,49,521.00,50,011.00
2021/10/25,50,142.00,50,632.00
2021/10/22,49,543.00,50,033.00
2021/10/21,49,410.00,49,900.00
2021/10/20,49,530.00,50,020.00
2021/10/19,49,214.00,49,704.00
2021/10/18,49,293.00,49,783.00
2021/10/15,49,284.00,49,774.00
2021/10/14,50,239.00,50,729.00
2021/10/13,50,196.00,50,686.00
2021/10/12,49,360.00,49,850.00
2021/10/08,49,040.00,49,530.00
2021/10/07,48,918.00,49,408.00
2021/10/06,48,892.00,49,382.00
2021/10/05,48,670.00,49,160.00
2021/10/04,48,866.00,49,356.00
2021/10/01,48,798.00,49,288.00
2021/09/30,48,716.00,49,206.00
2021/09/29,47,864.00,48,354.00
2021/09/28,48,048.00,48,538.00
2021/09/27,48,337.00,48,827.00
2021/09/24,48,332.00,48,822.00
2021/09/23,48,286.00,48,776.00
2021/09/22,49,080.00,49,570.00
2021/09/17,48,368.00,48,858.00
2021/09/16,48,384.00,48,874.00
2021/09/15,49,344.00,49,834.00
2021/09/14,49,817.00,50,307.00
2021/09/13,49,497.00,49,987.00
2021/09/11,49,294.00,49,784.00
2021/09/10,49,428.00,49,918.00
2021/09/09,49,395.00,49,885.00
2021/09/08,49,487.00,49,977.00
2021/09/07,49,291.00,49,781.00
2021/09/06,50,067.00,50,557.00
2021/09/03,50,363.00,50,853.00
2021/09/02,50,005.00,50,495.00
2021/09/01,50,026.00,50,516.00
2021/08/31,49,992.00,50,482.00
2021/08/30,50,097.00,50,587.00
2021/08/27,50,366.00,50,856.00
2021/08/26,49,839.00,50,329.00
2021/08/25,49,608.00,50,098.00
2021/08/24,50,227.00,50,717.00
2021/08/23,50,229.00,50,719.00
2021/08/20,49,735.00,50,225.00
2021/08/19,49,579.00,50,069.00
2021/08/18,49,295.00,49,785.00
2021/08/17,49,427.00,49,917.00
2021/08/16,49,508.00,49,998.00
2021/08/13,49,250.00,49,740.00
2021/08/12,48,402.00,48,892.00
2021/08/11,48,430.00,48,920.00
2021/08/10,47,837.00,48,327.00
2021/08/09,47,917.00,48,407.00
2021/08/06,48,753.00,49,243.00
2021/08/05,49,802.00,50,292.00
2021/08/04,50,067.00,50,557.00
2021/08/03,50,290.00,50,780.00
2021/08/02,50,436.00,50,926.00
2021/07/30,50,532.00,51,022.00
2021/07/29,50,873.00,51,363.00
2021/07/28,50,153.00,50,643.00
2021/07/27,50,312.00,50,802.00
2021/07/26,50,235.00,50,725.00
2021/07/23,50,284.00,50,774.00
2021/07/22,50,307.00,50,797.00
2021/07/21,50,417.00,50,907.00
2021/07/20,50,525.00,51,015.00
2021/07/19,50,370.00,50,860.00
2021/07/16,50,515.00,51,005.00
2021/07/15,50,648.00,51,138.00
2021/07/14,50,798.00,51,288.00
2021/07/13,50,438.00,50,928.00
2021/07/12,50,256.00,50,746.00
2021/07/09,50,481.00,50,971.00
2021/07/08,50,032.00,50,522.00
2021/07/07,50,218.00,50,708.00
2021/07/06,50,064.00,50,554.00
2021/07/05,49,721.00,50,211.00
2021/07/02,49,655.00,50,145.00
2021/07/01,49,129.00,49,619.00
2021/06/30,49,021.00,49,511.00
2021/06/29,48,869.00,49,359.00
2021/06/28,49,397.00,49,887.00
2021/06/25,49,340.00,49,830.00
2021/06/24,49,552.00,50,042.00
2021/06/23,49,785.00,50,275.00
2021/06/22,49,455.00,49,945.00
2021/06/21,49,529.00,50,019.00
2021/06/18,49,023.00,49,513.00
2021/06/17,48,889.00,49,379.00
2021/06/16,51,164.00,51,654.00
2021/06/15,51,211.00,51,701.00
2021/06/11,51,644.00,52,134.00
2021/06/10,52,092.00,52,582.00
2021/06/09,52,246.00,52,736.00
2021/06/08,52,177.00,52,667.00
2021/06/07,52,208.00,52,698.00
2021/06/04,52,155.00,52,645.00
2021/06/03,51,585.00,52,075.00
2021/06/02,52,476.00,52,966.00
2021/06/01,52,246.00,52,736.00
2021/05/31,52,353.00,52,843.00
2021/05/28,52,362.00,52,852.00
2021/05/27,52,275.00,52,765.00
2021/05/26,52,638.00,53,128.00
2021/05/25,52,466.00,52,956.00
2021/05/24,52,398.00,52,888.00
2021/05/21,52,116.00,52,606.00
2021/05/20,52,341.00,52,831.00
2021/05/19,52,433.00,52,923.00
2021/05/18,51,952.00,52,442.00
2021/05/17,52,059.00,52,549.00
2021/05/14,51,267.00,51,757.00
2021/05/13,50,779.00,51,269.00
2021/05/12,50,623.00,51,113.00
2021/05/11,50,845.00,51,335.00
2021/05/10,50,909.00,51,399.00
2021/05/07,50,971.00,51,461.00
2021/05/06,50,502.00,50,992.00
2021/05/05,49,583.00,50,073.00
2021/05/04,49,565.00,50,055.00
2021/05/03,49,881.00,50,371.00
2021/04/29,49,152.00,49,642.00
2021/04/28,49,316.00,49,806.00
2021/04/27,49,375.00,49,865.00
2021/04/26,49,474.00,49,964.00
2021/04/23,49,664.00,50,154.00
2021/04/22,49,836.00,50,326.00
2021/04/21,50,237.00,50,727.00
2021/04/20,49,633.00,50,123.00
2021/04/19,49,810.00,50,300.00
2021/04/16,50,151.00,50,641.00
2021/04/15,49,826.00,50,316.00
2021/04/14,49,067.00,49,557.00
2021/04/13,49,382.00,49,872.00
2021/04/12,49,103.00,49,593.00
2021/04/09,49,356.00,49,846.00
2021/04/08,49,635.00,50,125.00
2021/04/07,49,273.00,49,763.00
2021/04/06,49,450.00,49,940.00
2021/04/01,48,980.00,49,470.00
2021/03/31,48,525.00,49,015.00
2021/03/30,47,754.00,48,244.00
2021/03/29,48,608.00,49,098.00
2021/03/26,49,355.00,49,845.00
2021/03/25,49,370.00,49,860.00
2021/03/24,49,141.00,49,631.00
2021/03/23,48,916.00,49,406.00
2021/03/22,49,202.00,49,692.00
2021/03/19,49,233.00,49,723.00
2021/03/18,48,713.00,49,203.00
2021/03/17,48,684.00,49,174.00
2021/03/16,48,736.00,49,226.00
2021/03/15,48,540.00,49,030.00
2021/03/12,47,827.00,48,317.00
2021/03/11,48,324.00,48,814.00
2021/03/10,48,397.00,48,887.00
2021/03/09,48,469.00,48,959.00
2021/03/08,47,312.00,47,802.00
2021/03/05,47,161.00,47,651.00
2021/03/04,47,498.00,47,988.00
2021/03/03,47,236.00,47,726.00
2021/03/02,47,856.00,48,346.00
2021/02/26,47,813.00,48,303.00
2021/02/25,49,060.00,49,550.00
2021/02/24,49,682.00,50,172.00
2021/02/23,50,163.00,50,653.00
2021/02/22,50,232.00,50,722.00
2021/02/20,49,565.00,50,055.00
2021/02/19,49,565.00,50,055.00
2021/02/18,49,260.00,49,750.00
2021/02/17,49,446.00,49,936.00
2021/02/09,51,126.00,51,616.00
2021/02/08,51,173.00,51,663.00
2021/02/05,50,291.00,50,781.00
2021/02/04,49,869.00,50,359.00
2021/02/03,51,001.00,51,491.00
2021/02/02,51,079.00,51,569.00
2021/02/01,51,974.00,52,464.00
2021/01/29,51,811.00,52,301.00
2021/01/28,51,950.00,52,440.00
2021/01/27,51,430.00,51,920.00
2021/01/26,51,665.00,52,155.00
2021/01/25,51,671.00,52,161.00
2021/01/22,51,663.00,52,153.00
2021/01/21,51,960.00,52,450.00
2021/01/20,52,042.00,52,532.00
2021/01/19,51,103.00,51,593.00
2021/01/18,51,133.00,51,623.00
2021/01/15,51,035.00,51,525.00
2021/01/14,51,311.00,51,801.00
2021/01/13,51,749.00,52,239.00
2021/01/12,51,405.00,51,895.00
2021/01/11,51,563.00,52,053.00
2021/01/08,51,867.00,52,357.00
2021/01/07,53,297.00,53,787.00
2021/01/06,53,733.00,54,223.00
2021/01/05,54,097.00,54,587.00
2021/01/04,54,055.00,54,545.00
2020/12/31,53,012.00,53,502.00
2020/12/30,52,733.00,53,223.00
2020/12/29,52,525.00,53,015.00
2020/12/28,52,932.00,53,422.00
2020/12/25,52,538.00,53,028.00
2020/12/24,52,572.00,53,062.00
2020/12/23,52,452.00,52,942.00
2020/12/22,52,473.00,52,963.00
2020/12/21,52,717.00,53,207.00
2020/12/18,52,786.00,53,276.00
2020/12/17,52,956.00,53,446.00
2020/12/16,51,964.00,52,454.00
2020/12/15,51,883.00,52,373.00
2020/12/14,51,160.00,51,650.00
2020/12/11,51,755.00,52,245.00
2020/12/10,51,705.00,52,195.00
2020/12/09,51,697.00,52,187.00
2020/12/08,52,516.00,53,006.00
2020/12/07,52,354.00,52,844.00
2020/12/04,51,573.00,52,063.00
2020/12/03,51,950.00,52,440.00
2020/12/02,51,682.00,52,172.00
2020/12/01,51,308.00,51,798.00
2020/11/30,50,502.00,50,992.00
2020/11/27,50,576.00,51,066.00
2020/11/26,51,318.00,51,808.00
2020/11/25,51,418.00,51,908.00
2020/11/24,51,203.00,51,693.00
2020/11/23,52,159.00,52,649.00
2020/11/20,53,220.00,53,710.00
2020/11/19,52,809.00,53,299.00
2020/11/18,53,384.00,53,874.00
2020/11/17,53,602.00,54,092.00
2020/11/16,53,625.00,54,115.00
2020/11/13,53,689.00,54,179.00
2020/11/12,53,355.00,53,845.00
2020/11/11,52,850.00,53,340.00
2020/11/10,53,417.00,53,907.00
2020/11/09,52,969.00,53,459.00
2020/11/06,55,309.00,55,799.00
2020/11/05,55,149.00,55,639.00
2020/11/04,54,265.00,54,755.00
2020/11/03,54,284.00,54,774.00
2020/11/02,53,840.00,54,330.00
2020/10/30,53,563.00,54,053.00
2020/10/29,53,309.00,53,799.00
2020/10/28,53,444.00,53,934.00
2020/10/27,54,330.00,54,820.00
2020/10/26,54,255.00,54,745.00
2020/10/23,54,072.00,54,562.00
2020/10/22,54,192.00,54,682.00
2020/10/21,54,823.00,55,313.00
2020/10/20,54,552.00,55,042.00
2020/10/19,54,512.00,55,002.00
2020/10/16,54,412.00,54,902.00
2020/10/15,54,389.00,54,879.00
2020/10/14,54,583.00,55,073.00
2020/10/13,53,981.00,54,471.00
2020/10/12,54,744.00,55,234.00
2020/10/08,54,013.00,54,503.00
2020/10/07,53,929.00,54,419.00
2020/10/06,54,792.00,55,282.00
2020/10/05,54,988.00,55,478.00
2020/09/30,54,628.00,55,118.00
2020/09/29,54,652.00,55,142.00
2020/09/28,54,182.00,54,672.00
2020/09/26,53,957.00,54,447.00
2020/09/25,54,070.00,54,560.00
2020/09/24,54,394.00,54,884.00
2020/09/23,54,188.00,54,678.00
2020/09/22,54,977.00,55,467.00
2020/09/21,54,569.00,55,059.00
2020/09/18,56,464.00,56,954.00
2020/09/17,56,504.00,56,994.00
2020/09/16,57,128.00,57,618.00
2020/09/15,56,854.00,57,344.00
2020/09/14,57,067.00,57,557.00
2020/09/11,56,814.00,57,304.00
2020/09/10,57,086.00,57,576.00
2020/09/09,56,743.00,57,233.00
2020/09/08,56,185.00,56,675.00
2020/09/07,56,319.00,56,809.00
2020/09/04,56,188.00,56,678.00
2020/09/03,56,538.00,57,028.00
2020/09/02,56,653.00,57,143.00
2020/09/01,57,806.00,58,296.00
2020/08/31,57,607.00,58,097.00
2020/08/28,57,567.00,58,057.00
2020/08/27,56,132.00,56,622.00
2020/08/26,56,833.00,57,323.00
2020/08/25,56,099.00,56,589.00
2020/08/24,56,564.00,57,054.00
2020/08/21,56,664.00,57,154.00
2020/08/20,56,924.00,57,414.00
2020/08/19,57,301.00,57,791.00
2020/08/18,58,373.00,58,863.00
2020/08/17,58,106.00,58,596.00
2020/08/14,56,871.00,57,361.00
2020/08/13,57,010.00,57,500.00
2020/08/12,56,811.00,57,301.00
2020/08/11,57,021.00,57,511.00
2020/08/10,59,488.00,59,978.00
2020/08/07,59,330.00,59,820.00
2020/08/06,60,013.00,60,503.00
2020/08/05,59,866.00,60,356.00
2020/08/04,58,385.00,58,875.00
2020/08/03,57,718.00,58,208.00
2020/07/31,57,510.00,58,000.00
2020/07/30,56,817.00,57,307.00
2020/07/29,57,076.00,57,566.00
2020/07/28,56,952.00,57,442.00
2020/07/27,56,665.00,57,155.00
2020/07/24,55,744.00,56,234.00
2020/07/23,55,525.00,56,015.00
2020/07/22,54,528.00,55,018.00
2020/07/21,53,965.00,54,455.00
2020/07/20,53,283.00,53,773.00
2020/07/17,53,131.00,53,621.00
2020/07/16,52,953.00,53,443.00
2020/07/15,53,001.00,53,491.00
2020/07/14,53,081.00,53,571.00
2020/07/13,52,992.00,53,482.00
2020/07/10,52,707.00,53,197.00
2020/07/09,52,822.00,53,312.00
2020/07/08,53,026.00,53,516.00
2020/07/07,52,546.00,53,036.00
2020/07/06,52,186.00,52,676.00
2020/07/03,52,085.00,52,575.00
2020/07/02,52,204.00,52,694.00
2020/07/01,51,753.00,52,243.00
2020/06/30,52,403.00,52,893.00
2020/06/29,51,931.00,52,421.00
2020/06/24,51,892.00,52,382.00
2020/06/23,51,977.00,52,467.00
2020/06/22,51,835.00,52,325.00
2020/06/20,51,451.00,51,941.00
2020/06/19,51,351.00,51,841.00
2020/06/18,50,776.00,51,266.00
2020/06/17,50,813.00,51,303.00
2020/06/16,50,970.00,51,460.00
2020/06/15,50,850.00,51,340.00
2020/06/12,51,181.00,51,671.00
2020/06/11,51,488.00,51,978.00
2020/06/10,50,651.00,51,141.00
2020/06/09,50,948.00,51,438.00
2020/06/08,50,156.00,50,646.00
2020/06/05,49,772.00,50,262.00
2020/06/04,50,962.00,51,452.00
2020/06/03,50,424.00,50,914.00
2020/06/02,51,876.00,52,366.00
2020/06/01,51,848.00,52,338.00
2020/05/29,51,820.00,52,310.00
2020/05/28,51,489.00,51,979.00
2020/05/27,50,835.00,51,395.00
2020/05/26,51,151.00,51,711.00
2020/05/25,51,760.00,52,320.00
2020/05/22,51,648.00,52,208.00
2020/05/21,51,254.00,51,814.00
2020/05/20,52,093.00,52,653.00
2020/05/19,51,771.00,52,331.00
2020/05/18,51,697.00,52,257.00
2020/05/15,52,009.00,52,569.00
2020/05/14,51,503.00,52,063.00
2020/05/13,51,033.00,51,593.00
2020/05/12,50,832.00,51,392.00
2020/05/11,50,343.00,50,903.00
2020/05/08,50,987.00,51,547.00
2020/05/07,50,685.00,51,245.00
2020/05/06,50,195.00,50,755.00
2020/05/05,50,484.00,51,044.00
2020/05/04,50,663.00,51,223.00
2020/04/30,49,879.00,50,439.00
2020/04/29,50,669.00,51,229.00
2020/04/28,50,961.00,51,521.00
2020/04/27,51,105.00,51,665.00
2020/04/24,51,281.00,51,841.00
2020/04/23,51,786.00,52,346.00
2020/04/22,51,143.00,51,703.00
2020/04/21,50,307.00,50,867.00
2020/04/20,50,570.00,51,130.00
2020/04/17,50,478.00,51,038.00
2020/04/16,51,676.00,52,236.00
2020/04/15,51,099.00,52,099.00
2020/04/14,51,632.00,52,632.00
2020/04/13,50,787.00,51,787.00
2020/04/10,49,591.00,50,891.00
2020/04/09,50,276.00,50,916.00
2020/04/08,49,438.00,50,078.00
2020/04/07,49,537.00,50,177.00
2020/04/06,49,496.00,50,136.00
2020/04/01,47,827.00,48,467.00
2020/03/31,48,178.00,48,818.00
2020/03/30,48,639.00,49,379.00
2020/03/27,48,788.00,49,528.00
2020/03/26,49,059.00,49,799.00
2020/03/25,48,207.00,49,247.00
2020/03/24,48,802.00,49,216.00
2020/03/23,46,465.00,46,879.00
2020/03/20,44,875.00,45,289.00
2020/03/19,44,884.00,45,298.00
2020/03/18,44,946.00,45,360.00
2020/03/17,46,008.00,46,422.00
2020/03/16,45,543.00,45,957.00
2020/03/13,46,083.00,46,497.00
2020/03/12,47,178.00,47,592.00
2020/03/11,49,523.00,49,937.00
2020/03/10,49,551.00,49,965.00
2020/03/09,50,089.00,50,503.00
2020/03/06,49,523.00,49,937.00
2020/03/05,49,388.00,49,802.00
2020/03/04,48,973.00,49,387.00
2020/03/03,48,644.00,49,058.00
2020/03/02,47,864.00,48,278.00
2020/02/27,49,517.00,49,931.00
2020/02/26,49,530.00,49,944.00
2020/02/25,50,024.00,50,438.00
2020/02/24,50,929.00,51,343.00
2020/02/21,49,696.00,50,110.00
2020/02/20,48,752.00,49,166.00
2020/02/19,48,245.00,48,659.00
2020/02/18,47,930.00,48,344.00
2020/02/17,47,262.00,47,676.00
2020/02/15,47,404.00,47,818.00
2020/02/14,47,277.00,47,691.00
2020/02/13,47,106.00,47,520.00
2020/02/12,46,811.00,47,225.00
2020/02/11,46,815.00,47,229.00
2020/02/10,47,120.00,47,534.00
2020/02/07,47,000.00,47,414.00
2020/02/06,46,784.00,47,198.00
2020/02/05,46,676.00,47,090.00
2020/02/04,46,626.00,47,040.00
2020/02/03,47,406.00,47,820.00
2020/01/31,47,587.00,48,001.00
2020/01/30,47,737.00,48,151.00
2020/01/22,46,526.00,46,940.00
2020/01/21,46,503.00,46,917.00
2020/01/20,46,535.00,46,949.00
2020/01/17,46,426.00,46,840.00
2020/01/16,46,230.00,46,644.00
2020/01/15,46,181.00,46,595.00
2020/01/14,45,907.00,46,321.00
2020/01/13,46,294.00,46,708.00
2020/01/10,46,574.00,46,988.00
2020/01/09,46,227.00,46,641.00
2020/01/08,47,058.00,47,472.00
2020/01/07,46,997.00,47,411.00
2020/01/06,46,981.00,47,395.00
2020/01/03,46,299.00,46,713.00
2020/01/02,45,849.00,46,263.00
2019/12/31,45,472.00,45,886.00
2019/12/30,45,249.00,45,663.00
2019/12/27,45,488.00,45,902.00
2019/12/26,45,343.00,45,757.00
2019/12/25,44,944.00,45,358.00
2019/12/24,45,027.00,45,441.00
2019/12/23,44,634.00,45,048.00
2019/12/20,44,418.00,44,832.00
2019/12/19,44,380.00,44,794.00
2019/12/18,44,388.00,44,802.00
2019/12/17,44,407.00,44,821.00
2019/12/16,44,403.00,44,817.00
2019/12/13,44,404.00,44,818.00
2019/12/12,44,456.00,44,870.00
2019/12/11,44,623.00,45,037.00
2019/12/10,44,478.00,44,892.00
2019/12/09,44,386.00,44,800.00
2019/12/06,44,347.00,44,761.00
2019/12/05,44,830.00,45,244.00
2019/12/04,44,709.00,45,123.00
2019/12/03,44,921.00,45,335.00
2019/12/02,44,430.00,44,844.00
2019/11/29,44,478.00,44,892.00
2019/11/28,44,177.00,44,591.00
2019/11/27,44,227.00,44,641.00
2019/11/26,44,352.00,44,766.00
2019/11/25,44,281.00,44,695.00
2019/11/22,44,518.00,44,932.00
2019/11/21,44,587.00,45,001.00
2019/11/20,44,561.00,44,975.00
2019/11/19,44,623.00,45,037.00
2019/11/18,44,640.00,45,054.00
2019/11/15,44,575.00,44,989.00
2019/11/14,44,627.00,45,041.00
2019/11/13,44,437.00,44,851.00
2019/11/12,43,925.00,44,339.00
2019/11/11,43,973.00,44,387.00
2019/11/08,44,367.00,44,781.00
2019/11/07,44,704.00,45,118.00
2019/11/06,45,006.00,45,420.00
2019/11/05,44,927.00,45,341.00
2019/11/04,45,688.00,46,102.00
2019/11/01,45,815.00,46,229.00
2019/10/31,45,810.00,46,224.00
2019/10/30,45,417.00,45,831.00
2019/10/29,45,245.00,45,659.00
2019/10/28,45,397.00,45,811.00
2019/10/25,45,821.00,46,235.00
2019/10/24,45,684.00,46,098.00
2019/10/23,45,515.00,45,929.00
2019/10/22,45,197.00,45,611.00
2019/10/21,45,215.00,45,629.00
2019/10/18,45,442.00,45,856.00
2019/10/17,45,661.00,46,075.00
2019/10/16,45,516.00,45,930.00
2019/10/15,45,226.00,45,640.00
2019/10/14,45,449.00,45,863.00
2019/10/09,46,225.00,46,639.00
2019/10/08,46,112.00,46,526.00
2019/10/07,46,125.00,46,539.00
2019/10/05,46,369.00,46,783.00
2019/10/04,46,410.00,46,824.00
2019/10/03,46,664.00,47,078.00
2019/10/02,46,348.00,46,762.00
2019/10/01,45,945.00,46,359.00
